[13:02:11][D][remote.raw:041]: Received Raw: 75, -63, 74, -64, 73, -64, 74, -64, 73, -65, 73, -65, 72, -65, 73, -65, 73, -65, 72, -66, 72, -65, 73
[13:02:11][D][remote.raw:028]: Received Raw: 71, -64, 73, -65, 73, -65, 72, -2355, 72, -65, 72, -65, 73, -65, 73, -1571, 321, -65, 72, -2355, 102, -63, 72, -69, 68, -66, 72, -1648, 73, -64, 73, -65, 73, -65, 72, -65, 73, -65, 55, -1699, 73, -65, 72, -65, 73, -65, 73, -2300, 71, -65, 
[13:02:12][D][remote.raw:028]:   73, -65, 72, -66, 55, -1659, 73, -64, 73, -65, 73, -65, 72, -66, 72, -1861, 73, -65, 72, -65, 73, -65, 73, -65, 55, -1844, 73, -65, 73, -65, 72, -65, 73, -1964, 73, -65, 73, -65, 73, -64, 73, -1957, 73, -65, 72, -65, 73, -66, 74, -2004, 73, -64, 73, 
[13:02:12][D][remote.raw:028]:   -65, 73, -65, 72, -1965, 73, -68, 69, -65, 73, -65, 55, -1975, 72, -65, 75, -63, 72, -68, 53, -1985, 73, -65, 73, -65, 72, -66, 73, -64, 55, -1894, 73, -65, 72, -65, 73, -65, 73, -1964, 73, -65, 72, -66, 72, -65, 56, -1974, 73, -64, 73, -65, 73, -2102, 
[13:02:12][D][remote.raw:041]:   72, -65, 73, -65, 73, -2136, 73, -65, 72, -66, 72, -2102, 73, -65, 73, -65, 72, -2103, 72, -65, 73, -65, 72, -2099, 73, -64, 73, -65, 73, -65, 72
[13:02:12][D][remote.raw:041]: Received Raw: 72, -65, 73, -65, 72, -65, 73, -65, 73, -65, 72, -66, 55
[13:02:12][D][remote.raw:028]: Received Raw: 73, -64, 75, -63, 73, -65, 55, -1990, 69, -64, 73, -65, 73, -65, 72, -72, 56, -1829, 73, -65, 73, -65, 72, -65, 56, -1985, 73, -65, 73, -65, 72, -65, 73, -65, 55, -1913, 72, -65, 73, -65, 73, -65, 55, -1974, 73, -65, 73, -65, 72, -2106, 73, 
[13:02:12][D][remote.raw:028]:   -65, 73, -65, 72, -65, 73, -1972, 73, -65, 72, -65, 73, -65, 55, -2020, 73, -65, 72, -65, 73, -65, 73, -65, 55, -1844, 73, -65, 73, -65, 72, -65, 56, -1974, 72, -65, 73, -65, 73, -2102, 73, -65, 72, -65, 73, -2136, 73, -65, 72, -66, 72, -2102, 73, -65, 
[13:02:12][D][remote.raw:028]:   73, -65, 55, -2120, 72, -65, 73, -65, 55, -2116, 73, -64, 73, -65, 73, -65, 55, -2016, 73, -65, 72, -66, 73, -2101, 73, -65, 73, -65, 55, -2120, 72, -65, 73, -65, 55, -2112, 73, -65, 72, -2282, 73, -65, 72, -2240, 73, -65, 72, -2233, 72, -65, 73, 
[13:02:12][D][remote.raw:028]:   -2244, 72, -65, 73, -65, 72, -2156, 73, -65, 72, -65, 73, -65, 55, -1975, 72, -65, 73, -65, 55, -2120, 72, -65, 73, -2232, 73, -65, 72, -2282, 73, -65, 72, -2240, 73, -65, 72, -2233, 72, -66, 72, -2240, 72, -66, 55, -2295, 73, -65, 72, -66, 72, -2118, 
[13:02:12][D][remote.raw:028]:   72, -65, 73, -2232, 72, -66, 72, -2244, 73, -65, 72, -65, 73, -2152, 72, -65, 73, -2625, 56, -2005, 73, -65, 72, -65, 73, -2095, 72, -65, 73, -2281, 73, -65, 72, -2241, 72, -65, 55, -2250, 73, -65, 55, -2257, 73, -2412, 72, -2378, 55, -2395, 55, -2388, 
[13:02:12][D][remote.raw:028]:   55, -2436, 56, -2395, 55, -2387, 55, -2395, 56, -2759, 55, -2065, 55, -2399, 72, -66, 72, -2247, 73, -65, 55, -2296, 72, -65, 73, -2240, 72, -65, 55, -2250, 55, -2399, 73, -65, 72, -2290, 72, -65, 56, -2261, 72, -65, 73, -65, 55, -2131, 73, -65, 72, 
[13:02:12][D][remote.raw:041]:   -66, 72, -2110, 72, -66, 72
[13:02:12][D][remote.raw:041]: Received Raw: 73, -64, 74, -64, 73, -65, 72, -65, 73, -65, 73, -65, 72, -66, 72, -65, 55
[13:02:12][D][remote.raw:041]: Received Raw: 73, -65, 72, -65, 73, -2106, 73, -65, 72, -65, 73, -65, 55, -1975, 72, -65, 73, -65, 72, -2106, 73, -65, 73, -65, 72, -66, 72, -2029, 73, -65, 72, -66, 72, -2099, 72, -65, 73, -65, 55, -2124, 72, -65, 73, -65, 72, -66, 72
[13:02:14][D][remote.raw:041]: Received Raw: 73, -65, 73, -64, 73, -65, 73, -65, 72, -66, 72, -65, 73, -65, 72
[13:02:14][D][remote.raw:028]: Received Raw: 73, -64, 73, -65, 73, -65, 72, -2335, 72, -68, 69, -66, 72, -65, 73, -1614, 73, -64, 73, -65, 73, -65, 72, -2293, 71, -65, 73, -65, 73, -65, 72, -66, 55, -1566, 74, -64, 73, -65, 73, -65, 72, -65, 73, -65, 72, -1690, 73, -64, 73, -65, 73, 
[13:02:14][D][remote.raw:028]:   -65, 72, -2293, 71, -65, 73, -66, 71, -66, 72, -65, 73, -1820, 72, -65, 72, -65, 73, -65, 73, -1675, 74, -64, 73, -65, 73, -64, 73, -65, 73, -65, 72, -1690, 73, -64, 73, -65, 73, -65, 72, -2351, 72, -65, 73, -65, 72, -65, 73, -65, 1518, -359, 71, -65, 
[13:02:14][D][remote.raw:028]:   73, -65, 73, -65, 72, -1649, 73, -64, 73, -65, 73, -65, 72, -65, 73, -65, 73, -65, 55, -1569, 403, -65, 73, -65, 72, -65, 73, -1626, 74, -64, 73, -65, 72, -65, 73, -2355, 72, -64, 73, -65, 73, -65, 73, -65, 1563, -386, 72, -65, 73, -65, 72, -65, 73, 
[13:02:14][D][remote.raw:028]:   -65, 1514, -359, 72, -65, 72, -65, 73, -65, 73, -65, 1909, -65, 73, -65, 72, -65, 73, -65, 73, -1910, 72, -65, 73, -65, 72, -65, 73, -65, 1951, -65, 73, -65, 72, -66, 72, -65, 73, -1855, 72, -65, 72, -65, 73, -65, 73, -65, 1917, -65, 2005, -387, 72, 
[13:02:14][D][remote.raw:028]:   -2443, 73, -64, 73, -65, 73, -65, 73, -1937, 72, -65, 73, -65, 73, -64, 73, -65, 1506, -387, 72, -65, 72, -65, 73, -65, 73, -65, 1513, -387, 72, -65, 73, -64, 73, -65, 73, -65, 1548, -386, 72, -65, 73, -65, 72, -66, 72, -65, 1514, -386, 72, -65, 73, 
[13:02:14][D][remote.raw:028]:   -65, 73, -65, 72, -65, 1514, -386, 73, -64, 73, -65, 73, -65, 72, -66, 1506, -386, 72, -2451, 73, -64, 73, -65, 73, -65, 72, -1930, 76, -61, 73, -65, 73, -65, 73, -64, 1514, -386, 73, -2401, 73, -64, 73, -65, 73, -65, 72, -1972, 72, -65, 73, -65, 72, 
[13:02:14][D][remote.raw:028]:   -65, 73, -65, 1514, -386, 72, -2409, 73, -65, 73, -64, 73, -65, 73, -1945, 72, -65, 73, -64, 73, -65, 73, -65, 1548, -386, 72, -68, 70, -65, 73, -65, 72, -60, 1520, -385, 73, -64, 73, -65, 73, -65, 72, -65, 1514, -387, 72, -64, 73, -65, 73, -65, 73, 
[13:02:14][D][remote.raw:028]:   -65, 1506, -386, 72, -65, 73, -65, 72, -65, 73, -65, 1556, -386, 72, -65, 73, -65, 72, -65, 73, -65, 1514, -386, 72, -65, 73, -65, 73, -64, 73, -65, 1506, -387, 72, -65, 72, -65, 73, -65, 73, -65, 1513, -387, 72, -65, 73, -64, 73, -65, 73, -65, 1548, 
[13:02:14][D][remote.raw:028]:   -386, 72, -65, 73, -65, 73, -65, 72, -65, 1514, -386, 73, -64, 73, -65, 73, -65, 72, -65, 1514, -386, 73, -64, 73, -65, 73, -65, 73, -65, 1506, -386, 72, -65, 73, -65, 72, -65, 73, -65, 1555, -387, 72, -65, 73, -65, 72, -65, 73, -65, 1514, -386, 72, 
[13:02:14][D][remote.raw:041]:   -2402, 73, -64, 73, -64, 74, -64, 73, -1930, 72, -2478, 2005, -469, 1978, -468, 1978, -464, 51, -63, 74, -64, 74, -64, 73, -1999, 2012, -2860, 74, -64, 73, -64, 74, -64, 73, -1984
[13:02:14][D][remote.raw:028]: Received Raw: -1871, 77, -63, 74, -64, 74, -63, 75, -63, 74, -64, 74, -63, 75, -63, 74, -64, 74, -63, 74, -64, 74, -64, 74, -64, 73, -64, 74, -64, 74, -454, 73, -64, 73, -65, 73, -64, 73, -65, 73, -65, 73, -64, 73, -65, 73, -65, 73, -65, 72, -65, 73, 
[13:02:14][D][remote.raw:028]:   -65, 73, -65, 73, -64, 73, -65, 73, -65, 73, -65, 72, -65, 73, -65, 73, -5101, 77, -61, 76, -62, 103, -61, 2018, -2443, 76, -61, 76, -62, 76, -61, 76, -4485, 75, -62, 76, -61, 76, -62, 75, -63, 75, -63, 74, -63, 77, -3994, 76, -62, 75, -62, 76, -61, 
[13:02:14][D][remote.raw:028]:   76, -63, 75, -62, 75, -63, 75, -4045, 76, -61, 76, -62, 76, -61, 76, -62, 75, -63, 75, -63, 75, -3995, 76, -62, 76, -61, 76, -62, 75, -62, 76, -63, 75, -62, 75, -2448, 1585, -824, 77, -2346, 77, -63, 1506, -2454, 76, -62, 76, -61, 76, -62, 75, -63, 75, 
[13:02:14][D][remote.raw:028]:   -63, 74, -63, 75, -2450, 77, -2318, 77, -63, 1506, -769, 77, -63, 1541, -742, 77, -63, 74, -2270, 77, -63, 74, -2209, 76, -64, 74, -3969, 76, -61, 76, -62, 75, -62, 76, -4450, 76, -61, 76, -62, 75, -63, 75, -63, 74, -63, 75, -63, 74, -2311, 77, -63, 
[13:02:14][D][remote.raw:028]:   1541, -714, 77, -63, 74, -2271, 77, -62, 75, -2208, 77, -63, 74, -2236, 77, -63, 75, -4038, 76, -61, 76, -61, 76, -62, 76, -62, 75, -63, 74, -63, 75, -2283, 79, -61, 74, -3942, 75, -62, 76, -61, 76, -62, 76, -62, 75, -63, 75, -62, 75, -2325, 77, -63, 
[13:02:14][D][remote.raw:028]:   74, -3949, 76, -61, 76, -62, 76, -61, 76, -63, 74, -58, 52, -63, 75, -58, 1526, -742, 77, -63, 74, -2215, 77, -63, 74, -2209, 76, -64, 74, -63, 1514, -632, 76, -63, 75, -63, 1534, -604, 76, -63, 75, -63, 74, -2140, 77, -63, 74, -64, 74, -2099, 76, -63, 
[13:02:14][D][remote.raw:028]:   75, -63, 75, -2063, 76, -63, 75, -63, 74, -2099, 76, -63, 75, -63, 74, -2133, 77, -63, 74, -64, 74, -2071, 76, -63, 75, -63, 74, -2099, 76, -63, 75, -63, 74, -2092, 76, -63, 74, -64, 74, -2140, 77, -63, 74, -64, 74, -3996, 76, -62, 75, -62, 76, -62, 
[13:02:14][D][remote.raw:041]:   75, -63, 74, -63, 75, -63, 75, -4038, 75, -62, 76, -61, 76, -63, 74, -4405, 76, -62, 75, -62, 76, -61, 76, -2838, 76, -3983, 76, -61, 76, -62, 75, -63, 75, -2810, 76, -2174, 76, -63, 74, -64
[13:02:14][D][remote.raw:028]: Received Raw: -1871, 77, -62, 75, -63, 75, -63, 74, -64, 74, -63, 75, -63, 74, -64, 74, -63, 74, -64, 74, -64, 74, -64, 73, -64, 74, -64, 74, -64, 73, -455, 72, -65, 73, -64, 73, -65, 73, -65, 73, -64, 73, -65, 73, -65, 73, -65, 72, -65, 73, -65, 73, 
[13:02:14][D][remote.raw:028]:   -65, 73, -65, 72, -65, 73, -65, 55, -5663, 76, -61, 76, -62, 75, -62, 76, -4428, 75, -62, 75, -62, 76, -62, 75, -4462, 76, -62, 75, -62, 76, -61, 76, -63, 74, -63, 75, -63, 75, -3995, 77, -61, 76, -61, 76, -62, 76, -4442, 76, -62, 75, -62, 76, -61, 76, 
[13:02:14][D][remote.raw:028]:   -63, 75, -63, 74, -63, 75, -4003, 76, -62, 76, -61, 76, -62, 76, -61, 76, -63, 74, -63, 75, -4921, 76, -2346, 76, -3969, 76, -62, 75, -62, 76, -61, 76, -62, 76, -62, 75, -63, 75, -4940, 1546, -877, 76, -2339, 76, -2443, 77, -2346, 76, -3969, 76, -62, 
[13:02:14][D][remote.raw:028]:   76, -61, 76, -61, 76, -4458, 76, -61, 76, -62, 75, -62, 76, -62, 75, -63, 75, -62, 75, -2484, 1508, -880, 76, -2388, 76, -2347, 76, -2366, 76, -4038, 76, -62, 76, -61, 76, -62, 75, -62, 76, -63, 74, -63, 75, -2456, 1535, -2457, 74, -62, 75, -62, 76, 
[13:02:14][D][remote.raw:028]:   -61, 77, -61, 75, -63, 75, -63, 75, -2505, 1543, -2447, 76, -62, 75, -62, 76, -61, 76, -62, 76, -62, 75, -63, 75, -2394, 75, -2389, 76, -2319, 76, -63, 1534, -742, 76, -63, 74, -2237, 76, -63, 75, -2271, 75, -63, 75, -2237, 75, -63, 75, -2237, 76, -63, 
[13:02:14][D][remote.raw:028]:   74, -2230, 103, -63, 1583, -742, 76, -63, 75, -2237, 75, -63, 75, -2229, 76, -63, 74, -2237, 76, -63, 75, -2271, 75, -63, 75, -3948, 104, -62, 75, -62, 76, -61, 76, -63, 75, -62, 75, -63, 75, -4021, 131, -62, 76, -61, 76, -62, 1978, -2447, 159, -61, 
[13:02:14][D][remote.raw:041]:   76, -62, 75, -4498, 76, -61, 76, -62, 75, -62, 76, -4408, 76, -62, 75, -62, 76, -61, 76
[13:02:15][D][remote.raw:028]: Received Raw: 51, -63, 74, -63, 75, -63, 75, -63, 74, -63, 75, -63, 74, -64, 74, -64, 74, -63, 74, -64, 74, -64, 74, -64, 73, -64, 74, -64, 73, -65, 73, -64, 74, -462, 72, -65, 73, -64, 74, -64, 73, -65, 73, -65, 73, -64, 73, -65, 73, -65, 73, -65, 72, 
[13:02:15][D][remote.raw:028]:   -65, 73, -65, 73, -65, 72, -65, 73, -5755, 76, -62, 75, -62, 76, -63, 74, -2844, 51, -3968, 76, -61, 76, -62, 75, -62, 76, -63, 74, -63, 75, -63, 74, -2386, 78, -63, 1534, -2454, 76, -61, 76, -62, 75, -62, 76, -63, 74, -63, 75, -63, 74, -4042, 75, -62, 
[13:02:15][D][remote.raw:028]:   76, -62, 75, -63, 75, -62, 75, -63, 75, -63, 74, -4000, 76, -61, 76, -63, 75, -62, 75, -63, 74, -63, 75, -63, 74, -4035, 75, -62, 76, -62, 75, -63, 74, -63, 75, -63, 74, -64, 74, -6446, 76, -62, 75, -62, 76, -62, 75, -63, 75, -62, 75, -63, 75, -4049, 
[13:02:15][D][remote.raw:028]:   75, -62, 76, -62, 75, -63, 75, -62, 75, -63, 75, -63, 74, -4540, 78, -63, 74, -64, 74, -2487, 52, -2015, 78, -63, 74, -64, 74, -63, 1510, -2451, 75, -62, 76, -61, 76, -63, 74, -2796, 78, -63, 1514, -631, 77, -63, 74, -63, 1534, -548, 78, -63, 74, -63, 
[13:02:15][D][remote.raw:028]:   75, -2043, 77, -63, 74, -63, 75, -63, 1576, -493, 77, -63, 74, -64, 74, -63, 1542, -493, 77, -63, 75, -63, 74, -64, 1541, -466, 77, -63, 75, -63, 74, -63, 74, -1953, 2030, -659, 77, -63, 74, -64, 1506, -548, 77, -63, 75, -63, 74, -4682, 77, -63, 75, 
[13:02:15][D][remote.raw:028]:   -2132, 77, -63, 74, -64, 74, -4690, 77, -63, 76, -2104, 77, -63, 74, -64, 74, -2077, 77, -64, 74, -63, 74, -64, 1541, -466, 77, -63, 74, -63, 75, -63, 74, -1961, 77, -63, 74, -64, 74, -63, 74, -1926, 77, -63, 74, -64, 74, -63, 74, -2003, 77, -63, 74, 
[13:02:15][D][remote.raw:028]:   -64, 74, -63, 74, -1961, 77, -63, 75, -63, 74, -63, 74, -1954, 76, -64, 74, -63, 74, -64, 74, -1961, 76, -64, 74, -63, 75, -63, 74, -1968, 76, -63, 75, -63, 74, -64, 74, -1961, 76, -64, 74, -63, 74, -64, 74, -1961, 77, -63, 74, -63, 75, -63, 74, -1954, 
[13:02:15][D][remote.raw:028]:   76, -63, 75, -63, 74, -64, 74, -2003, 76, -63, 74, -64, 74, -64, 74, -1961, 76, -2480, 77, -63, 74, -64, 74, -63, 1506, -439, 2057, -576, 77, -63, 75, -63, 74, -1953, 77, -63, 74, -64, 74, -64, 74, -1933, 76, -2508, 77, -63, 74, -63, 75, -2022, 2015, 
[13:02:15][D][remote.raw:041]:   -2447, 76, -61, 76, -63, 74, -63, 75, -63, 74, -63, 75, -63, 74, -2009
[13:02:16][D][remote.raw:028]: Received Raw: -1375, 77, -63, 76, -61, 75, -63, 74, -64, 74, -63, 75, -63, 74, -64, 74, -64, 74, -63, 74, -64, 74, -65, 72, -65, 73, -64, 74, -64, 73, -65, 73, -64, 73, -65, 73, -65, 114, -359, 72, -65, 72, -65, 73, -65, 73, -65, 72, -65, 73, -65, 73, 
[13:02:16][D][remote.raw:028]:   -65, 55, -6634, 76, -61, 76, -63, 74, -63, 75, -4432, 75, -61, 76, -63, 75, -62, 75, -4462, 75, -62, 76, -62, 75, -63, 75, -63, 74, -63, 75, -63, 74, -3997, 75, -62, 75, -63, 75, -63, 74, -63, 75, -63, 74, -64, 74, -6481, 75, -61, 76, -63, 74, -63, 75, 
[13:02:16][D][remote.raw:028]:   -63, 75, -63, 74, -63, 75, -2343, 52, -63, 1534, -766, 52, -63, 74, -2275, 52, -64, 74, -2261, 51, -64, 74, -3969, 103, -61, 76, -63, 74, -63, 75, -63, 74, -64, 74, -63, 74, -2393, 52, -63, 1514, -766, 52, -64, 73, -2226, 52, -63, 74, -2261, 53, -63, 
[13:02:16][D][remote.raw:028]:   73, -2296, 51, -64, 74, -2261, 51, -64, 74, -3969, 75, -62, 76, -62, 75, -63, 75, -4451, 75, -62, 75, -63, 74, -63, 75, -63, 74, -64, 74, -63, 74, -2364, 51, -64, 1514, -766, 51, -64, 74, -2295, 52, -63, 74, -1906, 77, -63, 74, -64, 74, -64, 73, -1961, 
[13:02:16][D][remote.raw:028]:   77, -63, 74, -64, 74, -64, 74, -1953, 76, -2557, 77, -63, 74, -64, 74, -2008, 77, -63, 74, -64, 74, -64, 73, -1930, 53, -2535, 78, -62, 74, -63, 75, -2022, 77, -63, 74, -64, 74, -63, 74, -1934, 2015, -548, 77, -64, 74, -63, 74, -2024, 76, -64, 74, -63, 
[13:02:16][D][remote.raw:028]:   75, -63, 74, -1968, 76, -64, 74, -64, 73, -64, 74, -1933, 77, -63, 74, -64, 74, -64, 73, -2179, 52, -63, 74, -64, 74, -1912, 62, -64, 74, -64, 73, -64, 74, -2017, 62, -64, 74, -64, 73, -64, 74, -2151, 52, -63, 74, -64, 74, -1926, 76, -63, 74, -65, 73, 
[13:02:16][D][remote.raw:028]:   -64, 74, -1962, 75, -64, 74, -63, 74, -64, 74, -1996, 75, -64, 74, -64, 73, -64, 74, -2124, 51, -64, 74, -64, 73, -1991, 74, -64, 74, -64, 73, -64, 74, -2061, 51, -64, 74, -64, 73, -65, 1555, -546, 51, -64, 74, -64, 73, -64, 1514, -2447, 75, -62, 75, 
[13:02:16][D][remote.raw:028]:   -63, 74, -63, 75, -63, 74, -64, 74, -64, 74, -4038, 75, -63, 74, -63, 75, -63, 74, -63, 75, -63, 74, -64, 74, -1926, 76, -64, 74, -63, 74, -64, 74, -64, 1513, -413, 75, -2397, 77, -63, 74, -64, 74, -64, 73, -1941, 76, -2433, 2007, -494, 77, -63, 74, 
[13:02:16][D][remote.raw:041]:   -63, 75, -63, 1534, -411, 77, -63, 74, -63, 74, -64, 74
[13:02:16][D][remote.raw:028]: Received Raw: 77, -63, 75, -63, 74, -63, 75, -63, 74, -64, 74, -64, 73, -64, 74, -64, 74, -64, 73, -65, 73, -64, 73, -65, 73, -65, 73, -64, 73, -65, 73, -65, 73, -65, 72, -65, 73, -65, 73, -65, 72, -262, 55, -7949, 75, -62, 75, -63, 74, -64, 74, -2682, 
[13:02:16][D][remote.raw:028]:   51, -64, 73, -4005, 75, -62, 75, -63, 75, -62, 75, -63, 74, -64, 74, -64, 73, -2232, 52, -63, 74, -64, 73, -3943, 74, -63, 75, -62, 75, -63, 75, -2397, 77, -63, 74, -64, 74, -63, 74, -2213, 51, -64, 74, -64, 1541, -573, 52, -64, 73, -64, 74, -2096, 51, 
[13:02:16][D][remote.raw:028]:   -64, 74, -64, 73, -65, 1506, -518, 51, -64, 74, -64, 73, -65, 1583, -518, 51, -64, 74, -64, 73, -65, 1541, -523, 74, -64, 73, -65, 73, -64, 1506, -2455, 74, -63, 75, -63, 74, -63, 75, -67, 70, -64, 74, -64, 73, -2173, 52, -63, 74, -64, 73, -2069, 52, 
[13:02:16][D][remote.raw:028]:   -63, 74, -64, 73, -65, 1534, -523, 74, -64, 73, -64, 73, -65, 1514, -523, 74, -64, 73, -68, 70, -58, 1554, -495, 74, -64, 74, -64, 73, -65, 1541, -496, 74, -64, 73, -64, 74, -64, 1541, -4935, 75, -63, 74, -63, 75, -63, 74, -63, 75, -63, 74, -64, 74, 
[13:02:16][D][remote.raw:028]:   -2123, 52, -63, 74, -64, 73, -2062, 51, -64, 73, -65, 73, -64, 1542, -495, 74, -64, 73, -65, 73, -65, 1575, -495, 74, -64, 74, -64, 73, -65, 1541, -468, 74, -64, 73, -65, 73, -65, 73, -1964, 73, -64, 73, -65, 73, -65, 73, -1956, 2027, -606, 74, -64, 
[13:02:16][D][remote.raw:028]:   74, -64, 73, -1983, 75, -64, 73, -64, 73, -65, 1541, -469, 1977, -606, 74, -64, 74, -64, 73, -2025, 74, -64, 74, -64, 73, -65, 1541, -468, 1986, -606, 74, -64, 73, -64, 74, -1998, 74, -64, 74, -64, 73, -65, 1575, -468, 74, -64, 73, -65, 73, -64, 73, 
[13:02:16][D][remote.raw:028]:   -1965, 73, -64, 73, -65, 73, -65, 73, -1936, 74, -64, 73, -64, 74, -64, 73, -1957, 73, -64, 74, -64, 73, -65, 73, -2006, 73, -64, 73, -65, 73, -65, 73, -1964, 73, -64, 74, -64, 73, -65, 73, -1957, 73, -64, 73, -65, 73, -64, 73, -1965, 73, -64, 73, -65, 
[13:02:16][D][remote.raw:028]:   73, -65, 73, -1998, 73, -64, 74, -64, 73, -65, 73, -1964, 73, -65, 73, -64, 73, -65, 73, -1964, 73, -65, 73, -64, 73, -65, 73, -1929, 73, -65, 73, -64, 74, -64, 73, -2006, 73, -65, 73, -64, 73, -65, 73, -1965, 73, -2455, 74, -64, 73, -64, 74, -64, 
[13:02:16][D][remote.raw:041]:   1534, -441, 2054, -414, 74, -63, 74, -64, 74, -65, 72, -2012, 73, -64, 73, -65, 73, -64, 74, -1936, 2006, -523, 74, -64, 73, -64, 74, -64, 1548, -468, 1986, -413, 74, -64, 73, -64, 74, -64, 73, -2012, 1985, -414, 73
