#кнопка включения 

[10:15:28][D][remote.raw:041]:   2467, -2430, 55, -2429, 2468, -2437, 83, -2379, 55, -2449, 55, -2388, 2467, -2426, 2509, -2434, 2459, -9826, 2437, -2496, 2443, -4897, 2484, -2458, 2443, -2450, 2506, -2433, 2444, -2446


#кнопка треугольник вниз

[09:50:58][D][remote.raw:041]:   -1717, 74, -64, 73, -65, 72, -65, 73, -65, 55, -1879, 73, -64, 73, -65, 73, -65, 55, -1982, 73, -65, 73, -65, 72, -2103, 73, -65, 72, -2233, 55, -2437, 56, -2395, 2460, -2433, 2506, -2434, 2463, -2433, 2775, -2161, 2464, -2433, 2489, -2453, 2437


#кнопка  M

[09:52:23][D][remote.raw:041]:   -2434, 2506, -2433, 2460, -2438, 2516, -2438, 55, -2403, 2464, -2471, 56, -2395, 2460, -2433, 2506, -2430, 2467, -2426, 2509, -2434, 2460, -2434, 2505, -2434, 2463, -2426, 2868, -2075, 55, -2392, 55, -2388, 2513, -2430, 55, -2388, 2467


#кнопка  треугольник вверх


73, -72, 56, -1967, 73, -65, 72, -2241, 72, -65, 56, -2250, 55, -2437, 55, -2399, 55, -2403, 2464, -2468, 2450, -2458, 2436



#кнопка  вайфай

[09:55:32][D][remote.raw:041]:   72, -65, 73, -65, 72, -72, 56, -2017, 73, -64, 73, -65, 73, -2099, 72, -65, 73, -65, 72, -2103, 73, -65, 72, -72, 76, -2085, 73, -65, 72, -2282, 56, -2395, 83, -2360, 2467, -2472, 56, -2401, 2440


#кнопка кулер


[09:56:32][D][remote.raw:041]:   -4333, 74, -63, 74, -64, 73, -65, 73, -65, 73, -65, 55, -1707, 73, -64, 73, -65, 100, -68, 70, -1929, 73, -65, 73, -65, 73, -65, 55


#кнопка луна

[09:57:31][D][remote.raw:041]:   -2396, 82, -2361, 82, -2414, 72, -66, 54, -2254, 73, -65, 73, -2236, 73, -65, 72, -66, 55, -2116, 72, -65, 73, -65, 73


================================================================================================================================================================



================================================================================================================================================================

esphome:
  name: receiver-tp

esp8266:
  board: nodemcuv2

# Enable logging
logger:

# Enable Home Assistant API
api:

ota:
  password: "c0893dcc72763574175d0c0518baf7d5"

wifi:
  ssid: kr
  password: Kirovenergo6900

  # Enable fallback hotspot (captive portal) in case wifi connection fails
  ap:
    ssid: "Receiver Fallback Hotspot"
    password: "TphV3LtDuqcx"

captive_portal:

#----------------------------------------------------------------------------
remote_receiver:
  pin: 
    number: D5
    inverted: True
    mode: INPUT_PULLUP
  dump: raw 

  - platform: nodemcuv2
    name: ON_OFF ???
    turn_on_action:
      - remote_transmitter.transmit_raw:
          code: [-65, 73, -65, 73, -65, 72, -1820, 73, -64, 73, -65, 73, -65, 72, -66, 55, -1886, 73, -65, 72, -65, 73, -65, 73, -65, 55, -1844, 73, -65, 73, -65, 72, -66, 72, -1957, 73, -65, 73, -65, 72, -65, 73]
          carrier_frequency: 38kHz 
      - delay: 10 ms
      - remote_transmitter.transmit_raw:
          code: [73, -1948, 73, -2405, 73, -2405, 73, -64, 73, -65, 73, -65, 73, -1914, 72, -65, 72, -65, 73]
          carrier_frequency: 38kHz 
      - delay: 10 ms
      - remote_transmitter.transmit_raw:
          code: [-2441, 2464, -2478, 2457, -2436, 2440, -2496, 2447, -2454, 2440, -2495, 2440, -2453, 2461, -2475, 83, -2364, 2464, -2433, 83, -2417, 55, -2396, 55, -2391, 83, -2368, 55, -2441, 55, -2403, 55, -2403, 73, -65, 72, -2237, 55]
          carrier_frequency: 38kHz
      - delay: 10 ms
      - remote_transmitter.transmit_raw:
          code: [-2451, 434, -62, 75, -62, 76, -62, 75, -62, 1534, -2451, 407, -61, 76, -62, 76, -61, 76, -62, 76, -3978, 380, -61, 76, -62, 75, -62, 76, -62, 75, -8907, 490, -62, 75, -62, 76, -62, 75]
          carrier_frequency: 38kHz   



  



                                                                                                      Оригинальный вариант кода для пульта:

[13:02:16][D][remote.raw:028]: Received Raw: -1375, 77, -63, 76, -61, 75, -63, 74, -64, 74, -63, 75, -63, 74, -64, 74, -64, 74, -63, 74, -64, 74, -65, 72, -65, 73, -64, 74, -64, 73, -65, 73, -64, 73, -65, 73, -65, 114, -359, 72, -65, 72, -65, 73, -65, 73, -65, 72, -65, 73, -65, 73, 
[13:02:16][D][remote.raw:028]:   -65, 55, -6634, 76, -61, 76, -63, 74, -63, 75, -4432, 75, -61, 76, -63, 75, -62, 75, -4462, 75, -62, 76, -62, 75, -63, 75, -63, 74, -63, 75, -63, 74, -3997, 75, -62, 75, -63, 75, -63, 74, -63, 75, -63, 74, -64, 74, -6481, 75, -61, 76, -63, 74, -63, 75, 
[13:02:16][D][remote.raw:028]:   -63, 75, -63, 74, -63, 75, -2343, 52, -63, 1534, -766, 52, -63, 74, -2275, 52, -64, 74, -2261, 51, -64, 74, -3969, 103, -61, 76, -63, 74, -63, 75, -63, 74, -64, 74, -63, 74, -2393, 52, -63, 1514, -766, 52, -64, 73, -2226, 52, -63, 74, -2261, 53, -63, 
[13:02:16][D][remote.raw:028]:   73, -2296, 51, -64, 74, -2261, 51, -64, 74, -3969, 75, -62, 76, -62, 75, -63, 75, -4451, 75, -62, 75, -63, 74, -63, 75, -63, 74, -64, 74, -63, 74, -2364, 51, -64, 1514, -766, 51, -64, 74, -2295, 52, -63, 74, -1906, 77, -63, 74, -64, 74, -64, 73, -1961, 
[13:02:16][D][remote.raw:028]:   77, -63, 74, -64, 74, -64, 74, -1953, 76, -2557, 77, -63, 74, -64, 74, -2008, 77, -63, 74, -64, 74, -64, 73, -1930, 53, -2535, 78, -62, 74, -63, 75, -2022, 77, -63, 74, -64, 74, -63, 74, -1934, 2015, -548, 77, -64, 74, -63, 74, -2024, 76, -64, 74, -63, 
[13:02:16][D][remote.raw:028]:   75, -63, 74, -1968, 76, -64, 74, -64, 73, -64, 74, -1933, 77, -63, 74, -64, 74, -64, 73, -2179, 52, -63, 74, -64, 74, -1912, 62, -64, 74, -64, 73, -64, 74, -2017, 62, -64, 74, -64, 73, -64, 74, -2151, 52, -63, 74, -64, 74, -1926, 76, -63, 74, -65, 73, 
[13:02:16][D][remote.raw:028]:   -64, 74, -1962, 75, -64, 74, -63, 74, -64, 74, -1996, 75, -64, 74, -64, 73, -64, 74, -2124, 51, -64, 74, -64, 73, -1991, 74, -64, 74, -64, 73, -64, 74, -2061, 51, -64, 74, -64, 73, -65, 1555, -546, 51, -64, 74, -64, 73, -64, 1514, -2447, 75, -62, 75, 
[13:02:16][D][remote.raw:028]:   -63, 74, -63, 75, -63, 74, -64, 74, -64, 74, -4038, 75, -63, 74, -63, 75, -63, 74, -63, 75, -63, 74, -64, 74, -1926, 76, -64, 74, -63, 74, -64, 74, -64, 1513, -413, 75, -2397, 77, -63, 74, -64, 74, -64, 73, -1941, 76, -2433, 2007, -494, 77, -63, 74, 
[13:02:16][D][remote.raw:041]:   -63, 75, -63, 1534, -411, 77, -63, 74, -63, 74, -64, 74




[13:02:15][D][remote.raw:028]: Received Raw: 51, -63, 74, -63, 75, -63, 75, -63, 74, -63, 75, -63, 74, -64, 74, -64, 74, -63, 74, -64, 74, -64, 74, -64, 73, -64, 74, -64, 73, -65, 73, -64, 74, -462, 72, -65, 73, -64, 74, -64, 73, -65, 73, -65, 73, -64, 73, -65, 73, -65, 73, -65, 72, 
[13:02:15][D][remote.raw:028]:   -65, 73, -65, 73, -65, 72, -65, 73, -5755, 76, -62, 75, -62, 76, -63, 74, -2844, 51, -3968, 76, -61, 76, -62, 75, -62, 76, -63, 74, -63, 75, -63, 74, -2386, 78, -63, 1534, -2454, 76, -61, 76, -62, 75, -62, 76, -63, 74, -63, 75, -63, 74, -4042, 75, -62, 
[13:02:15][D][remote.raw:028]:   76, -62, 75, -63, 75, -62, 75, -63, 75, -63, 74, -4000, 76, -61, 76, -63, 75, -62, 75, -63, 74, -63, 75, -63, 74, -4035, 75, -62, 76, -62, 75, -63, 74, -63, 75, -63, 74, -64, 74, -6446, 76, -62, 75, -62, 76, -62, 75, -63, 75, -62, 75, -63, 75, -4049, 
[13:02:15][D][remote.raw:028]:   75, -62, 76, -62, 75, -63, 75, -62, 75, -63, 75, -63, 74, -4540, 78, -63, 74, -64, 74, -2487, 52, -2015, 78, -63, 74, -64, 74, -63, 1510, -2451, 75, -62, 76, -61, 76, -63, 74, -2796, 78, -63, 1514, -631, 77, -63, 74, -63, 1534, -548, 78, -63, 74, -63, 
[13:02:15][D][remote.raw:028]:   75, -2043, 77, -63, 74, -63, 75, -63, 1576, -493, 77, -63, 74, -64, 74, -63, 1542, -493, 77, -63, 75, -63, 74, -64, 1541, -466, 77, -63, 75, -63, 74, -63, 74, -1953, 2030, -659, 77, -63, 74, -64, 1506, -548, 77, -63, 75, -63, 74, -4682, 77, -63, 75, 
[13:02:15][D][remote.raw:028]:   -2132, 77, -63, 74, -64, 74, -4690, 77, -63, 76, -2104, 77, -63, 74, -64, 74, -2077, 77, -64, 74, -63, 74, -64, 1541, -466, 77, -63, 74, -63, 75, -63, 74, -1961, 77, -63, 74, -64, 74, -63, 74, -1926, 77, -63, 74, -64, 74, -63, 74, -2003, 77, -63, 74, 
[13:02:15][D][remote.raw:028]:   -64, 74, -63, 74, -1961, 77, -63, 75, -63, 74, -63, 74, -1954, 76, -64, 74, -63, 74, -64, 74, -1961, 76, -64, 74, -63, 75, -63, 74, -1968, 76, -63, 75, -63, 74, -64, 74, -1961, 76, -64, 74, -63, 74, -64, 74, -1961, 77, -63, 74, -63, 75, -63, 74, -1954, 
[13:02:15][D][remote.raw:028]:   76, -63, 75, -63, 74, -64, 74, -2003, 76, -63, 74, -64, 74, -64, 74, -1961, 76, -2480, 77, -63, 74, -64, 74, -63, 1506, -439, 2057, -576, 77, -63, 75, -63, 74, -1953, 77, -63, 74, -64, 74, -64, 74, -1933, 76, -2508, 77, -63, 74, -63, 75, -2022, 2015, 
[13:02:15][D][remote.raw:041]:   -2447, 76, -61, 76, -63, 74, -63, 75, -63, 74, -63, 75, -63, 74, -2009




[13:02:11][D][remote.raw:028]: Received Raw: 71, -64, 73, -65, 73, -65, 72, -2355, 72, -65, 72, -65, 73, -65, 73, -1571, 321, -65, 72, -2355, 102, -63, 72, -69, 68, -66, 72, -1648, 73, -64, 73, -65, 73, -65, 72, -65, 73, -65, 55, -1699, 73, -65, 72, -65, 73, -65, 73, -2300, 71, -65, 
[13:02:12][D][remote.raw:028]:   73, -65, 72, -66, 55, -1659, 73, -64, 73, -65, 73, -65, 72, -66, 72, -1861, 73, -65, 72, -65, 73, -65, 73, -65, 55, -1844, 73, -65, 73, -65, 72, -65, 73, -1964, 73, -65, 73, -65, 73, -64, 73, -1957, 73, -65, 72, -65, 73, -66, 74, -2004, 73, -64, 73, 
[13:02:12][D][remote.raw:028]:   -65, 73, -65, 72, -1965, 73, -68, 69, -65, 73, -65, 55, -1975, 72, -65, 75, -63, 72, -68, 53, -1985, 73, -65, 73, -65, 72, -66, 73, -64, 55, -1894, 73, -65, 72, -65, 73, -65, 73, -1964, 73, -65, 72, -66, 72, -65, 56, -1974, 73, -64, 73, -65, 73, -2102, 
[13:02:12][D][remote.raw:041]:   72, -65, 73, -65, 73, -2136, 73, -65, 72, -66, 72, -2102, 73, -65, 73, -65, 72, -2103, 72, -65, 73, -65, 72, -2099, 73, -64, 73, -65, 73, -65, 72




                                                                                                      Модифицированный вариант кода для пульта:
											     Должно начинаться с положительного числа и заканчиваться
  - platform: nodemcuv2
    name: ON_OFF 
    turn_on_action:
  - remote_transmitter.transmit_raw:
          code: [-1375, 77, -63, 76, -61, 75, -63, 74, -64, 74, -63, 75, -63, 74, -64, 74, -64, 74, -63, 74, -64, 74, -65, 72, -65, 73, -64, 74, -64, 73, -65, 73, -64, 73, -65, 73, -65, 114, -359, 72, -65, 72, -65, 73, -65, 73, -65, 72, -65, 73, -65, 73,
		-65, 55, -6634, 76, -61, 76, -63, 74, -63, 75, -4432, 75, -61, 76, -63, 75, -62, 75, -4462, 75, -62, 76, -62, 75, -63, 75, -63, 74, -63, 75, -63, 74, -3997, 75, -62, 75, -63, 75, -63, 74, -63, 75, -63, 74, -64, 74, -6481, 75, -61, 76, -63, 74, -63, 75,
		-63, 75, -63, 74, -63, 75, -2343, 52, -63, 1534, -766, 52, -63, 74, -2275, 52, -64, 74, -2261, 51, -64, 74, -3969, 103, -61, 76, -63, 74, -63, 75, -63, 74, -64, 74, -63, 74, -2393, 52, -63, 1514, -766, 52, -64, 73, -2226, 52, -63, 74, -2261, 53, -63,
		73, -2296, 51, -64, 74, -2261, 51, -64, 74, -3969, 75, -62, 76, -62, 75, -63, 75, -4451, 75, -62, 75, -63, 74, -63, 75, -63, 74, -64, 74, -63, 74, -2364, 51, -64, 1514, -766, 51, -64, 74, -2295, 52, -63, 74, -1906, 77, -63, 74, -64, 74, -64, 73, -1961,
		77, -63, 74, -64, 74, -64, 74, -1953, 76, -2557, 77, -63, 74, -64, 74, -2008, 77, -63, 74, -64, 74, -64, 73, -1930, 53, -2535, 78, -62, 74, -63, 75, -2022, 77, -63, 74, -64, 74, -63, 74, -1934, 2015, -548, 77, -64, 74, -63, 74, -2024, 76, -64, 74, -63, 
		75, -63, 74, -1968, 76, -64, 74, -64, 73, -64, 74, -1933, 77, -63, 74, -64, 74, -64, 73, -2179, 52, -63, 74, -64, 74, -1912, 62, -64, 74, -64, 73, -64, 74, -2017, 62, -64, 74, -64, 73, -64, 74, -2151, 52, -63, 74, -64, 74, -1926, 76, -63, 74, -65, 73,
		-64, 74, -1962, 75, -64, 74, -63, 74, -64, 74, -1996, 75, -64, 74, -64, 73, -64, 74, -2124, 51, -64, 74, -64, 73, -1991, 74, -64, 74, -64, 73, -64, 74, -2061, 51, -64, 74, -64, 73, -65, 1555, -546, 51, -64, 74, -64, 73, -64, 1514, -2447, 75, -62, 75,
		-63, 74, -63, 75, -63, 74, -64, 74, -64, 74, -4038, 75, -63, 74, -63, 75, -63, 74, -63, 75, -63, 74, -64, 74, -1926, 76, -64, 74, -63, 74, -64, 74, -64, 1513, -413, 75, -2397, 77, -63, 74, -64, 74, -64, 73, -1941, 76, -2433, 2007, -494, 77, -63, 74,
		-63, 75, -63, 1534, -411, 77, -63, 74, -63, 74, -64, 74]
          carrier_frequency: 38kHz 


  - platform: nodemcuv2
    name: ON_OFF 
    turn_on_action:
  - remote_transmitter.transmit_raw:
          code: [51, -63, 74, -63, 75, -63, 75, -63, 74, -63, 75, -63, 74, -64, 74, -64, 74, -63, 74, -64, 74, -64, 74, -64, 73, -64, 74, -64, 73, -65, 73, -64, 74, -462, 72, -65, 73, -64, 74, -64, 73, -65, 73, -65, 73, -64, 73, -65, 73, -65, 73, -65, 72, 
		-65, 73, -65, 73, -65, 72, -65, 73, -5755, 76, -62, 75, -62, 76, -63, 74, -2844, 51, -3968, 76, -61, 76, -62, 75, -62, 76, -63, 74, -63, 75, -63, 74, -2386, 78, -63, 1534, -2454, 76, -61, 76, -62, 75, -62, 76, -63, 74, -63, 75, -63, 74, -4042, 75, -62, 
		76, -62, 75, -63, 75, -62, 75, -63, 75, -63, 74, -4000, 76, -61, 76, -63, 75, -62, 75, -63, 74, -63, 75, -63, 74, -4035, 75, -62, 76, -62, 75, -63, 74, -63, 75, -63, 74, -64, 74, -6446, 76, -62, 75, -62, 76, -62, 75, -63, 75, -62, 75, -63, 75, -4049, 
		75, -62, 76, -62, 75, -63, 75, -62, 75, -63, 75, -63, 74, -4540, 78, -63, 74, -64, 74, -2487, 52, -2015, 78, -63, 74, -64, 74, -63, 1510, -2451, 75, -62, 76, -61, 76, -63, 74, -2796, 78, -63, 1514, -631, 77, -63, 74, -63, 1534, -548, 78, -63, 74, -63, 
		75, -2043, 77, -63, 74, -63, 75, -63, 1576, -493, 77, -63, 74, -64, 74, -63, 1542, -493, 77, -63, 75, -63, 74, -64, 1541, -466, 77, -63, 75, -63, 74, -63, 74, -1953, 2030, -659, 77, -63, 74, -64, 1506, -548, 77, -63, 75, -63, 74, -4682, 77, -63, 75, 
		-2132, 77, -63, 74, -64, 74, -4690, 77, -63, 76, -2104, 77, -63, 74, -64, 74, -2077, 77, -64, 74, -63, 74, -64, 1541, -466, 77, -63, 74, -63, 75, -63, 74, -1961, 77, -63, 74, -64, 74, -63, 74, -1926, 77, -63, 74, -64, 74, -63, 74, -2003, 77, -63, 74, 
		-64, 74, -63, 74, -1961, 77, -63, 75, -63, 74, -63, 74, -1954, 76, -64, 74, -63, 74, -64, 74, -1961, 76, -64, 74, -63, 75, -63, 74, -1968, 76, -63, 75, -63, 74, -64, 74, -1961, 76, -64, 74, -63, 74, -64, 74, -1961, 77, -63, 74, -63, 75, -63, 74, -1954, 
		76, -63, 75, -63, 74, -64, 74, -2003, 76, -63, 74, -64, 74, -64, 74, -1961, 76, -2480, 77, -63, 74, -64, 74, -63, 1506, -439, 2057, -576, 77, -63, 75, -63, 74, -1953, 77, -63, 74, -64, 74, -64, 74, -1933, 76, -2508, 77, -63, 74, -63, 75, -2022, 2015, 
		-2447, 76, -61, 76, -63, 74, -63, 75, -63, 74, -63, 75, -63, 74, -2009]



  - platform: template
    name: ON
    turn_on_action:
       - remote_transmitter.transmit_raw:
          code: [71, -64, 73, -65, 73, -65, 72, -2355, 72, -65, 72, -65, 73, -65, 73, -1571, 321, -65, 72, -2355, 102, -63, 72, -69, 68, -66, 72, -1648, 73, -64, 73, -65, 73, -65, 72, -65, 73, -65, 55, -1699, 73, -65, 72, -65, 73, -65, 73, -2300, 71, -65, 
		73, -65, 72, -66, 55, -1659, 73, -64, 73, -65, 73, -65, 72, -66, 72, -1861, 73, -65, 72, -65, 73, -65, 73, -65, 55, -1844, 73, -65, 73, -65, 72, -65, 73, -1964, 73, -65, 73, -65, 73, -64, 73, -1957, 73, -65, 72, -65, 73, -66, 74, -2004, 73, -64, 73, 
		-65, 73, -65, 72, -1965, 73, -68, 69, -65, 73, -65, 55, -1975, 72, -65, 75, -63, 72, -68, 53, -1985, 73, -65, 73, -65, 72, -66, 73, -64, 55, -1894, 73, -65, 72, -65, 73, -65, 73, -1964, 73, -65, 72, -66, 72, -65, 56, -1974, 73, -64, 73, -65, 73, -2102, 
		72, -65, 73, -65, 73, -2136, 73, -65, 72, -66, 72, -2102, 73, -65, 73, -65, 72, -2103, 72, -65, 73, -65, 72, -2099, 73, -64, 73, -65, 73, -65, 72]
             carrier_frequency: 38kHz   







==============================================================================================================================================================================================================================================================================================
==============================================================================================================================================================================================================================================================================================

  - platform: nodemcuv2
    name: tr_down ???
    turn_on_action:
      - remote_transmitter.transmit_raw:
          code: [74, -64, 73, -65, 73, -65, 72, -65, 1914, -65, 1982, -441, 2059, -469, 72, -65, 73, -65, 73, -65, 72, -1879, 72, -65, 73, -65, 73, -1713, 73, -64, 74, -64, 73, -65, 73, -65, 72, -1823, 74, -64, 73, -65, 73, -65, 72]
          carrier_frequency: 38kHz 
      - delay: 10 ms
      - remote_transmitter.transmit_raw:
          code: [2475, -2430, 2468, -2498, 2447, -2450, 2468, -2479, 2454, -2451, 2471, -2479, 2447, -2454, 2460, -2484, 2463, -2438, 2439, -2495, 2448, -2450, 2455, -2496, 2447, -2453, 2440]
          carrier_frequency: 38kHz 
      - delay: 10 ms
      - remote_transmitter.transmit_raw: //дистанционный передатчик
          code: [76, -61, 76, -62, 75, -63, 75, -5335, 76, -3941, 76, -62, 75, -62, 76, -62, 75]
          carrier_frequency: 38kHz
      - delay: 10 ms
      - remote_transmitter.transmit_raw:
          code: [2452, -2453, 2444, -2522, 2440, -2457, 2440, -2500, 2440, -2619, 51, -2241, 2482, -2461, 2440, -2458, 2493, -2453, 2440, -2454, 2482, -2461, 2440, -2453, 2482]
          carrier_frequency: 38kHz   // частота

  - platform: nodemcuv2
    name: M ???
    turn_on_action:
      - remote_transmitter.transmit_raw:
          code: [-62, 75, -63, 74, -64, 74, -2569, 74, -64, 73, -65, 73, -1968, 73, -65, 73, -65, 73, -64, 73, -1906, 73, -65, 73, -64, 73, -65, 73]
          carrier_frequency: 38kHz 
      - delay: 10 ms
      - remote_transmitter.transmit_raw:
          code: [-466, 77, -63, 74, -64, 74, -64, 73, -1913, 74, -2375, 75, -2416, 77, -2402, 76, -63, 74, -64, 74, -64, 73, -2023, 74, -64, 73, -65, 73, -65, 1537, -441]
          carrier_frequency: 38kHz 
      - delay: 10 ms
      - remote_transmitter.transmit_raw: //дистанционный передатчик
          code: [-1840, 73, -65, 73, -65, 73, -65, 55, -1978, 73, -65, 73, -65, 72, -2103, 73, -64, 73, -65, 73, -65, 73, -65, 55, -1890, 73, -65, 72, -65, 73, -65, 55]
          carrier_frequency: 38kHz
      - delay: 10 ms
      - remote_transmitter.transmit_raw:
          code: [73, -2433, 73, -64, 73, -65, 73, -65, 73, -1914, 72, -2405, 73, -2447, 2009, -469, 73, -65, 73, -73, 64, -65, 75, -1884, 73, -2433]
          carrier_frequency: 38kHz   // частота



  - platform: nodemcuv2
    name: tr_hight ???
    turn_on_action:
      - remote_transmitter.transmit_raw:
          code: [-2434, 55, -2445, 55, -2396, 72, -72, 76, -2226, 56, -2787, 56, -2052, 72, -66, 55, -2258, 72, -65, 72, -2237, 56, -2391, 56]
          carrier_frequency: 38kHz 
      - delay: 10 ms
      - remote_transmitter.transmit_raw:
          code: [-2434, 55, -2445, 55, -2396, 72, -72, 76, -2226, 56, -2787, 56, -2052, 72, -66, 55, -2258, 72, -65, 72, -2237, 56, -2391, 56]
          carrier_frequency: 38kHz 
      - delay: 10 ms
      - remote_transmitter.transmit_raw: 
          code: [56, -2406, 56, -2399, 2467, -2491, 2463, -2434, 2475, -2472, 2447, -2457, 2440, -2496, 2440]
          carrier_frequency: 38kHz
      - delay: 10 ms
      - remote_transmitter.transmit_raw:
          code: [2472, -2429, 2468, -2498, 2447, -2451, 83, -2367, 56, -2447, 2448, -2457, 2448]
          carrier_frequency: 38kHz   


  - platform: nodemcuv2
    name: wifi ???
    turn_on_action:
      - remote_transmitter.transmit_raw:
          code: [2451, -2454, 2443, -2522, 2440, -2458, 2440, -2495, 2443, -2455, 2440, -2495, 2440, -2454, 2440, -2499, 2440, -2453, 2441, -4949, 2444, -2461, 2486, -2453, 2441, -2453, 2482, -9847, 2440, -4904, 2490, -2465, 2451]
          carrier_frequency: 38kHz 
      - delay: 10 ms
      - remote_transmitter.transmit_raw:
          code: [2493, -4904, 2444, -4950, 2447, -2451, 2517, -2436, 2441, -2453]
          carrier_frequency: 38kHz 
      - delay: 10 ms
      - remote_transmitter.transmit_raw: 
          code: [-65, 73, -65, 72, -66, 1510, -359, 71, -65, 73, -65, 73, -1782, 73, -65, 73, -65, 72, -65, 73, -1969, 72, -65, 73, -65, 72, -2103, 73, -65, 72, -66, 55, -2124, 55, -2437, 56, -2398, 2440]
          carrier_frequency: 38kHz
      - delay: 10 ms
      - remote_transmitter.transmit_raw:
          code: [-2454, 2440, -2495, 2440, -2454, 2440, -2495, 2448, -2453, 2648, -2296, 2447, -2454, 2460, -2479, 2460, -2437, 2461, -2483, 2463, -2435, 2446]
          carrier_frequency: 38kHz   


  - platform: nodemcuv2
    name: kyler ???
    turn_on_action:
      - remote_transmitter.transmit_raw:
          code: [-2095, 72, -66, 72, -2244, 73, -65, 72, -66, 55, -2128, 72, -65, 55, -2292, 56, -2560, 56, -2230, 110, -2333, 83, -2413, 55, -2388, 2467, -2427, 2509, -2440, 2457, -2433, 2506, -2433, 2444]
          carrier_frequency: 38kHz 
      - delay: 10 ms
      - remote_transmitter.transmit_raw:
          code: [2436, -2458, 2440, -2491, 2448, -2447, 83, -2367, 2485, -2458, 2436, -2457, 2478, -2458, 2443]
          carrier_frequency: 38kHz 
      - delay: 10 ms
      - remote_transmitter.transmit_raw: 
          code: [55, -4842, 55, -2400, 55, -2463, 2460, -2438, 55, -2403, 55, -2434, 55, -2395, 56, -2391, 55, -2388, 55, -2437, 56, -2395, 2460, -2434, 2505, -2434, 2459, -2441, 2478, -2458, 2447, -2465, 2686, -2254, 2436]
          carrier_frequency: 38kHz
      - delay: 10 ms
      - remote_transmitter.transmit_raw:
          code: [-2433, 83, -2360, 83, -2410, 55, -2395, 83, -2360, 2472, -2483, 55, -2399, 73, -65, 72, -2252, 73, -65, 72, -2252, 73, -65, 72, -66, 55, -2169, 73, -65, 55, -2258, 55, -2392, 72, -65, 73, -2236, 73, -65, 73]
          carrier_frequency: 38kHz   


  - platform: nodemcuv2
    name: moon ???
    turn_on_action:
      - remote_transmitter.transmit_raw:
          code: [-65, 72, -65, 73, -2320, 72, -65, 73, -65, 55, -1796, 73, -64, 73, -65, 73, -65, 55, -1986, 74, -64, 73, -65, 72, -65, 73]
          carrier_frequency: 38kHz 
      - delay: 10 ms
      - remote_transmitter.transmit_raw:
          code: [2444, -7385, 2444, -2454, 83, -2375, 83, -2406, 72, -65, 56, -2257, 56, -2387, 56, -2395, 55, -2430, 55, -2396, 82, -2368, 56, -2387, 83, -2413, 56, -2387, 83, -2368, 2464, -2474, 2448, -2454, 2436]
          carrier_frequency: 38kHz 
      - delay: 10 ms
      - remote_transmitter.transmit_raw: 
          code: [2444, -2457, 2440, -2492, 2443, -2458, 2457, -2471, 2464, -2438, 83, -2379, 55]
          carrier_frequency: 38kHz
      - delay: 10 ms
      - remote_transmitter.transmit_raw:
          code: [2436, -2503, 2436, -2458, 2436, -2499, 2444, -2450, 2444, -2495, 2444, -2449, 2444, -2492, 2444, -2461, 2451, -2829, 73, -2044, 2437, -4942, 2444, -7396, 2437, -2457, 2440, -4946, 2440]
          carrier_frequency: 38kHz   





==============================================================================================================================================================================================================================================================================================
==============================================================================================================================================================================================================================================================================================


remote_transmitter:
  pin: D5
  carrier_duty_percent: 50% 
  id: Pr
switch:
  
  - platform: template
    name: ON
    turn_on_action:
       - remote_transmitter.transmit_raw:
            code: [-1375, 77, -63, 76, -61, 75, -63, 74, -64, 74, -63, 75, -63, 74, -64, 74, -64, 74, -63, 74, -64, 74, -65, 72, -65, 73, -64, 74, -64, 73, -65, 73, -64, 73, -65, 73, -65, 114, -359, 72, -65, 72, -65, 73, -65, 73, -65, 72, -65, 73, -65, 73,
		            -65, 55, -6634, 76, -61, 76, -63, 74, -63, 75, -4432, 75, -61, 76, -63, 75, -62, 75, -4462, 75, -62, 76, -62, 75, -63, 75, -63, 74, -63, 75, -63, 74, -3997, 75, -62, 75, -63, 75, -63, 74, -63, 75, -63, 74, -64, 74, -6481, 75, -61, 76, -63, 74, -63, 75,
		            -63, 75, -63, 74, -63, 75, -2343, 52, -63, 1534, -766, 52, -63, 74, -2275, 52, -64, 74, -2261, 51, -64, 74, -3969, 103, -61, 76, -63, 74, -63, 75, -63, 74, -64, 74, -63, 74, -2393, 52, -63, 1514, -766, 52, -64, 73, -2226, 52, -63, 74, -2261, 53, -63,
		             73, -2296, 51, -64, 74, -2261, 51, -64, 74, -3969, 75, -62, 76, -62, 75, -63, 75, -4451, 75, -62, 75, -63, 74, -63, 75, -63, 74, -64, 74, -63, 74, -2364, 51, -64, 1514, -766, 51, -64, 74, -2295, 52, -63, 74, -1906, 77, -63, 74, -64, 74, -64, 73, -1961,
		             77, -63, 74, -64, 74, -64, 74, -1953, 76, -2557, 77, -63, 74, -64, 74, -2008, 77, -63, 74, -64, 74, -64, 73, -1930, 53, -2535, 78, -62, 74, -63, 75, -2022, 77, -63, 74, -64, 74, -63, 74, -1934, 2015, -548, 77, -64, 74, -63, 74, -2024, 76, -64, 74, -63, 
		             75, -63, 74, -1968, 76, -64, 74, -64, 73, -64, 74, -1933, 77, -63, 74, -64, 74, -64, 73, -2179, 52, -63, 74, -64, 74, -1912, 62, -64, 74, -64, 73, -64, 74, -2017, 62, -64, 74, -64, 73, -64, 74, -2151, 52, -63, 74, -64, 74, -1926, 76, -63, 74, -65, 73,
		            -64, 74, -1962, 75, -64, 74, -63, 74, -64, 74, -1996, 75, -64, 74, -64, 73, -64, 74, -2124, 51, -64, 74, -64, 73, -1991, 74, -64, 74, -64, 73, -64, 74, -2061, 51, -64, 74, -64, 73, -65, 1555, -546, 51, -64, 74, -64, 73, -64, 1514, -2447, 75, -62, 75,
		            -63, 74, -63, 75, -63, 74, -64, 74, -64, 74, -4038, 75, -63, 74, -63, 75, -63, 74, -63, 75, -63, 74, -64, 74, -1926, 76, -64, 74, -63, 74, -64, 74, -64, 1513, -413, 75, -2397, 77, -63, 74, -64, 74, -64, 73, -1941, 76, -2433, 2007, -494, 77, -63, 74,
		            -63, 75, -63, 1534, -411, 77, -63, 74, -63, 74, -64, 74]
             carrier_frequency: 38kHz            
            
          









==============================================================================================================================================================================================================================================================================================
==============================================================================================================================================================================================================================================================================================




esphome:
  name: receiver-tp

esp8266:
  board: nodemcuv2

# Enable logging
logger:

# Enable Home Assistant API
api:

ota:
  password: "c0893dcc72763574175d0c0518baf7d5"

wifi:
  ssid: kr
  password: Kirovenergo6900

  # Enable fallback hotspot (captive portal) in case wifi connection fails
  ap:
    ssid: "Receiver Fallback Hotspot"
    password: "TphV3LtDuqcx"

captive_portal:
#----------------------------------------------------------------------------
remote_transmitter:
  pin: D5
  carrier_duty_percent: 50% 
  id: Pr
switch:
  
  - platform: template
    name: ON_climate
    turn_on_action:
      - remote_transmitter.transmit_raw:
          code: [71, -64, 73, -65, 73, -65, 72, -2355, 72, -65, 72, -65, 73, -65, 73, -1571, 321, -65, 72, -2355, 102, -63, 72, -69, 68, -66, 72, -1648, 73, -64, 73, -65, 73, -65, 72, -65, 73, -65, 55, -1699, 73, -65, 72, -65, 73, -65, 73, -2300, 71, -65, 73, -65, 72, -66, 55, -1659, 73, -64, 73, -65, 73, -65, 72, -66, 72, -1861, 73, -65, 72, -65, 73, -65, 73, -65, 55, -1844, 73, -65, 73, -65, 72, -65, 73, -1964, 73, -65, 73, -65, 73, -64, 73, -1957, 73, -65, 72, -65, 73, -66, 74, -2004, 73, -64, 73, 
                -65, 73, -65, 72, -1965, 73, -68, 69, -65, 73, -65, 55, -1975, 72, -65, 75, -63, 72, -68, 53, -1985, 73, -65, 73, -65, 72, -66, 73, -64, 55, -1894, 73, -65, 72, -65, 73, -65, 73, -1964, 73, -65, 72, -66, 72, -65, 56, -1974, 73, -64, 73, -65, 73, -2102, 72, -65, 73, -65, 73, -2136, 73, -65, 72, -66, 72, -2102, 73, -65, 73, -65, 72, -2103, 72, -65, 73, -65, 72, -2099, 73, -64, 73, -65, 73, -65, 72]
          carrier_frequency: 38kHz   
         
            
          

INFO Reading configuration /config/esphome/receiver-tp.yaml...
INFO Starting log output from receiver-tp.local using esphome API
INFO Successfully connected to receiver-tp.local
[14:22:05][I][app:102]: ESPHome version 2022.2.5 compiled on May 22 2023, 09:29:18
[14:22:05][C][wifi:491]: WiFi:
[14:22:05][C][wifi:353]:   Local MAC: BC:FF:4D:F9:F2:8F
[14:22:05][C][wifi:354]:   SSID: [redacted]
[14:22:05][C][wifi:355]:   IP Address: 10.43.6.29
[14:22:05][C][wifi:356]:   BSSID: [redacted]
[14:22:05][C][wifi:358]:   Hostname: 'receiver-tp'
[14:22:05][C][wifi:360]:   Signal strength: -66 dB ▂▄▆█
[14:22:05][C][wifi:364]:   Channel: 7
[14:22:05][C][wifi:365]:   Subnet: 255.255.255.0
[14:22:05][C][wifi:366]:   Gateway: 10.43.6.254
[14:22:05][C][wifi:367]:   DNS1: 10.43.0.1
[14:22:05][C][wifi:368]:   DNS2: 10.43.26.1
[14:22:05][C][logger:233]: Logger:
[14:22:05][C][logger:234]:   Level: DEBUG
[14:22:05][C][logger:235]:   Log Baud Rate: 115200
[14:22:05][C][logger:236]:   Hardware UART: UART0
[14:22:05][C][remote_receiver.esp8266:060]: Remote Receiver:
[14:22:05][C][remote_receiver.esp8266:061]:   Pin: GPIO14
[14:22:05][C][remote_receiver.esp8266:066]:   Buffer Size: 1000
[14:22:05][C][remote_receiver.esp8266:067]:   Tolerance: 25%
[14:22:05][C][remote_receiver.esp8266:068]:   Filter out pulses shorter than: 50 us
[14:22:05][C][remote_receiver.esp8266:069]:   Signal is done after 10000 us of no changes
[14:22:05][C][captive_portal:144]: Captive Portal:
[14:22:05][C][mdns:084]: mDNS:
[14:22:05][C][mdns:085]:   Hostname: receiver-tp
[14:22:05][C][ota:085]: Over-The-Air Updates:
[14:22:05][C][ota:086]:   Address: receiver-tp.local:8266
[14:22:05][C][ota:089]:   Using Password.
[14:22:05][C][api:138]: API Server:
[14:22:05][C][api:139]:   Address: receiver-tp.local:6053
[14:22:05][C][api:143]:   Using noise encryption: NO


===========================================================================================================================================
===========================================================================================================================================
25.05.2023

esphome:
  name: receiver-tp

esp8266:
  board: nodemcuv2

# Enable logging
logger:

# Enable Home Assistant API
api:

ota:
  password: "c0893dcc72763574175d0c0518baf7d5"

wifi:
  ssid: kr
  password: Kirovenergo6900

  # Enable fallback hotspot (captive portal) in case wifi connection fails
  ap:
    ssid: "Receiver Fallback Hotspot"
    password: "TphV3LtDuqcx"

captive_portal:
#----------------------------------------------------------------------------
remote_transmitter:
  pin: D5
  carrier_duty_percent: 50% 
  id: Pr
switch:
  
  - platform: template
    name: ON_climate
    turn_on_action:
      - remote_transmitter.transmit_raw:
          code: [4633, -2513, 361, -352, 392, -926, 366, -926, 366, -373, 360, -932, 360, -379, 366, -346, 387, -352, 362, -376, 357, -934, 358, -381, 364, -349, 384, -933, 359, -354, 390, -348, 366, -373, 360, -352, 382, -935, 367, -346, 388, -350, 363, 
                -376, 358, -933, 359, -380, 364, -348, 386, -353, 360, -931, 382, -935, 367, -346, 388, -930, 362, -351, 383, -356, 357, -381, 364, -348, 385, -354, 359, -379, 365, -347, 387, -930, 362, -351, 382, -935, 368, -346, 388, -929, 362, -350, 384, -355, 358, 
                -381, 364, -927, 364, -375, 359, -932, 360, -379, 365, -926, 366, -926, 387, -352, 361, -378, 366, -346, 388, -930, 362, -350, 383, -356, 358, -380, 364, -348, 386, -353, 360, -931, 392, -926, 366, -347, 386, -931, 361, -931, 361]
          carrier_frequency: 38kHz   
      - delay: 10 ms
      - remote_transmitter.transmit_raw:
          code: [4737]
          carrier_frequency: 38kHz    
          
remote_receiver:
  pin: 
    number: D7
    inverted: True
    mode: INPUT_PULLUP
  dump: raw             
          



























