#кнопка включения 

[10:15:28][D][remote.raw:041]:   2467, -2430, 55, -2429, 2468, -2437, 83, -2379, 55, -2449, 55, -2388, 2467, -2426, 2509, -2434, 2459, -9826, 2437, -2496, 2443, -4897, 2484, -2458, 2443, -2450, 2506, -2433, 2444, -2446


#кнопка треугольник вниз

[09:50:58][D][remote.raw:041]:   -1717, 74, -64, 73, -65, 72, -65, 73, -65, 55, -1879, 73, -64, 73, -65, 73, -65, 55, -1982, 73, -65, 73, -65, 72, -2103, 73, -65, 72, -2233, 55, -2437, 56, -2395, 2460, -2433, 2506, -2434, 2463, -2433, 2775, -2161, 2464, -2433, 2489, -2453, 2437


#кнопка  M

[09:52:23][D][remote.raw:041]:   -2434, 2506, -2433, 2460, -2438, 2516, -2438, 55, -2403, 2464, -2471, 56, -2395, 2460, -2433, 2506, -2430, 2467, -2426, 2509, -2434, 2460, -2434, 2505, -2434, 2463, -2426, 2868, -2075, 55, -2392, 55, -2388, 2513, -2430, 55, -2388, 2467


#кнопка  треугольник вверх


73, -72, 56, -1967, 73, -65, 72, -2241, 72, -65, 56, -2250, 55, -2437, 55, -2399, 55, -2403, 2464, -2468, 2450, -2458, 2436



#кнопка  вайфай

[09:55:32][D][remote.raw:041]:   72, -65, 73, -65, 72, -72, 56, -2017, 73, -64, 73, -65, 73, -2099, 72, -65, 73, -65, 72, -2103, 73, -65, 72, -72, 76, -2085, 73, -65, 72, -2282, 56, -2395, 83, -2360, 2467, -2472, 56, -2401, 2440


#кнопка кулер


[09:56:32][D][remote.raw:041]:   -4333, 74, -63, 74, -64, 73, -65, 73, -65, 73, -65, 55, -1707, 73, -64, 73, -65, 100, -68, 70, -1929, 73, -65, 73, -65, 73, -65, 55


#кнопка луна

[09:57:31][D][remote.raw:041]:   -2396, 82, -2361, 82, -2414, 72, -66, 54, -2254, 73, -65, 73, -2236, 73, -65, 72, -66, 55, -2116, 72, -65, 73, -65, 73





